1.1139496701107756
0.3523967429328067
0.0713849171926623
0.01475818043595387
0.003381255637322462
0.0008228057599452224
0.00020785506681254216
0.00005390169253706556
0.000014250571923902464
3.823880733161044e-6
1.0381966089136036e-6
2.8457557457837253e-7
7.86223332179956e-8
2.1866609342508474e-8
6.116186259857143e-9
1.7191233618437565e-9
4.852755117740807e-10
1.3749966961763457e-10
3.908961987062447e-11
1.1146253766895824e-11
3.1868887323415814e-12
9.134319791300977e-13
2.6211077371181566e-13
7.588643377757906e-14
2.1528376972619e-14
6.030906040404772e-15
1.9549163926819867e-15
