1.69342658227676741765
0.0742766400841232319225
-0.019337880608635717358
0.00516065527473364110491
-0.00139342012990307729473
0.000378549864052022522193
-0.000103167085583785340215
0.0000281543441271412178337
-7.68409742018258198651e-6
2.09543221890204537392e-6
-5.70493140367526282946e-7
1.54961164548564906446e-7
-4.19665599629607704794e-8
1.13239680054166507038e-8
-3.04223563379021441863e-9
8.13073745977562957997e-10
-2.15969415476814981374e-10
5.69472105972525594811e-11
-1.48844799572430829499e-11
3.84901514438304484973e-12
-9.82222575944247161834e-13
2.46468329208292208183e-13
-6.04953826265982691612e-14
1.44055805710671611984e-14
-3.28200813577388740722e-15
6.96566359173765367675e-16
-1.294122794852896275e-16
