1.22371665676046468821
0.108956475422163837267
0.0383328524358594396134
0.00759138369340257753721
0.00205712048644963340914
0.000497810783280019308661
0.000130743691810302187818
0.0000338168760220395409734
8.97049680900520817728e-6
2.38685472794452241466e-6
6.41923109149104165049e-7
1.73549898982749277843e-7
4.72145949240790029153e-8
1.29039866111999149636e-8
3.5422080787089834182e-9
9.7594757336403784905e-10
2.6979510184976065731e-10
7.480422622550977077e-11
2.079598176402699913e-11
5.79533622220841193e-12
1.61856011449276096e-12
4.529450993473807e-13
1.2698603951096606e-13
3.566117394511206e-14
1.00301587494091e-14
2.82515346447219e-15
7.9680747949792e-16
