1.2292683840435586977
0.160353449247864455879
-0.0353559911947559448721
0.00776901561223573936985
-0.00165886451971685133259
0.000335719118906954279467
-0.0000617184951079161143187
9.23534039743246708256e-6
-6.06747198795168022842e-7
-3.07934045961999778094e-7
1.98818772614682367781e-7
-8.13909971567720135413e-8
2.84298174969641838618e-8
-9.12829766621316063548e-9
2.77713868004820551077e-9
-8.13032767247834023165e-10
2.31128525568385247392e-10
-6.41796873254200220876e-11
1.74815310473323361543e-11
-4.68653536933392363045e-12
1.24016595805520752748e-12
-3.24839432979935522159e-13
8.44601465226513952994e-14
-2.18647276044246803998e-14
5.65407548745690689978e-15
-1.46553625917463067508e-15
3.82059606377570462276e-16
-1.00457896653436912508e-16
